7.8476864582894837e-02 5.3337698515031930e-02 4.5504818259526014e-02 5.3656278164561283e-02 1.8832860668362827e-02 3.7674068471621094e-02 5.8331386881153073e-02 7.3459251893685282e-02 2.3503707821748938e-02 5.7991391812042145e-02 9.4276076705361797e-02 5.8777892213023902e-02 2.2789755453400742e-02 4.0729862633008131e-02 4.5572038276719476e-02 6.0370973973376998e-02 6.1677749747716205e-02 1.3063288861878023e-02 3.2733442444760813e-02 6.9240592620126190e-02
9.8902678286332146e-01 3.5864993129562233e-04 2.6731711003224627e-04 4.0312544025421107e-04 2.9186788316503027e-04 4.3456037297805145e-04 7.9798150165079264e-04 1.1057141392155929e-03 1.4364100640426713e-04 1.8250351643361696e-04 5.4971302845108140e-04 4.8173306587119747e-04 2.6416898451438208e-04 1.2566886559303389e-04 6.0056087634830857e-04 2.2563052397481173e-03 1.0994537397972417e-03 1.8260734340512191e-05 8.8374337020741357e-05 1.5036173536405561e-03 
5.2768909935285084e-04 9.9074490586682695e-01 4.2314852752053364e-04 1.9504554338963353e-04 7.1171529175378931e-05 1.1348935457668079e-03 4.6284641372748000e-04 4.1615074179976956e-04 3.5448686364605359e-04 1.1785802013582483e-04 3.7090198100034273e-04 3.2721594299321994e-03 8.5265891912315967e-05 3.1721337609787081e-05 2.2238289635613588e-04 5.4687724371905067e-04 5.3389174055625162e-04 9.2275930251833823e-05 1.6303367173509833e-04 2.3329377249030580e-04 
4.6101071154810725e-04 4.9598634718742423e-04 9.8883992789771069e-01 2.1405358173859461e-03 7.3005104252668493e-05 6.8691044848268794e-04 6.4925462243429382e-04 8.9215607641015540e-04 6.8823642576328113e-04 1.6301108768312469e-04 1.5901618725376994e-04 1.2625902477315606e-03 6.6480304886095930e-05 9.1603901017811519e-05 1.7982940517083750e-04 1.6862631596244603e-03 1.0816168455169701e-03 1.9145490948415074e-05 2.3060890970233756e-04 1.3281100254303025e-04 
5.8960519937151430e-04 1.9388747684120916e-04 1.8153456907580845e-03 9.9051558999563161e-01 1.1567047082055305e-05 5.0756630897594280e-04 3.0479881129019089e-03 6.5658784704162633e-04 2.6835108302823875e-04 2.4299449991796543e-05 2.7958506017772472e-05 5.2878279139050987e-04 1.2224893468279193e-05 2.0064174044966800e-05 2.4482362894160471e-04 8.1129798294734970e-04 6.0747279053724012e-04 2.3053201191968073e-06 8.5597286060513873e-05 2.8684379394368571e-05 
1.2162186481693656e-03 2.0156924818050831e-04 1.7639826787526613e-04 3.2955412706894415e-05 9.9456435529806320e-01 5.0976775192006033e-05 1.6992040208758512e-05 2.2235626497277503e-04 1.4402654157471184e-04 1.6166383326956588e-04 3.3286643797649586e-04 2.7517603023360176e-05 1.5820643973021950e-04 2.5954020052308793e-04 2.1607187028425809e-05 8.5097827737581520e-04 4.2704469355466011e-04 7.4751328674103223e-05 2.5796336861140317e-04 8.0201217520590247e-04 
9.0520978823881680e-04 1.6067446985812868e-03 8.2968833435974321e-04 7.2288765631690682e-04 2.5482740342649125e-05 9.8564112463056741e-01 2.7818312420924414e-03 3.8300250233148063e-04 8.7005210368759091e-04 1.5216727037357776e-04 7.5426959225217592e-04 2.2466639848767594e-03 3.7773058312352739e-04 9.5311382804663249e-05 4.9131588702589586e-04 8.7211515293706343e-04 7.8602200455215503e-04 5.0825142492250457e-05 1.2644637896621819e-04 2.8110894142974353e-04 
1.0735744441032296e-03 4.2322262154436297e-04 5.0648913351270723e-04 2.8036998050698187e-03 5.4860469265846135e-06 1.7966811059132782e-03 9.8895697947880046e-01 3.0910550317151189e-04 2.7156943174805011e-04 1.1082411990018668e-04 1.7153579450066283e-04 1.4774440624790465e-03 9.7958619973865133e-05 2.2887697817715171e-05 3.1443193822090505e-04 6.9371391184373419e-04 5.1394825517559351e-04 1.4552505882113845e-05 6.2902037055022925e-05 3.7299348606116995e-04 
1.1812396197036878e-03 3.0216102438733201e-04 5.5265196785465453e-04 4.7958642719807460e-04 5.7005815455763075e-05 1.9642539402009334e-04 2.4544971841921107e-04 9.9521795894955178e-01 9.1841960108390174e-05 1.9982341738869312e-05 7.3908719726201798e-05 2.3943599296649931e-04 3.9486725421408721e-05 2.4534679686187753e-05 1.4832917003251286e-04 8.0641616787779165e-04 1.8048442098914555e-04 2.9013202382815267e-05 3.5912180496435965e-05 7.8175522051773572e-05 
4.7960500077811138e-04 8.0444811533934011e-04 1.3324737403757200e-03 6.1261484638609808e-04 1.1540442089365961e-04 1.3946055991162843e-03 6.7397968475986850e-04 2.8704584541206250e-04 9.8950366240694365e-01 1.6907081758553566e-04 3.4181749787358026e-04 8.1233116325640363e-04 1.7445001356161934e-04 3.5738193647107298e-04 2.4020291251709074e-04 5.7257096585105278e-04 6.5430073122266436e-04 6.7680983197037717e-05 1.2520596665439910e-03 1.5429364843142220e-04 
2.4697292645576744e-04 1.0840014955940093e-04 1.2791191395009622e-04 2.2482958371330875e-05 5.2500765233348844e-05 9.8855364288798076e-05 1.1147386554565674e-04 2.5312168398698253e-05 6.8523809716349466e-05 9.8784825912895158e-01 3.5397560264198657e-03 2.2106868280921414e-04 1.0388210977973359e-03 4.6639567228814511e-04 8.1393631994590394e-05 1.4292292329719198e-04 5.6518406519735732e-04 3.8438081287578665e-05 1.3865460454720919e-04 5.0566721853190508e-03 
4.5758962825778076e-04 2.0984176190373070e-04 7.6753328672341989e-05 1.5912301703469614e-05 6.6494358554793933e-05 3.0141691569727852e-04 1.0613425104923848e-04 5.7589151450105502e-05 8.5217574586713801e-05 2.1773856721752733e-03 9.9188698764375449e-01 2.1638364145335588e-04 1.1704140360999568e-03 9.5125339615978661e-04 1.8947721544819934e-04 1.6159756494301880e-04 2.4821144719823599e-04 6.8007573151757718e-05 1.8635269260113165e-04 1.3669798252956720e-03 
6.4318231144566251e-04 2.9693043863211286e-03 9.7747533292022438e-04 4.8270728117732071e-04 8.8168385111202097e-06 1.4400137468729701e-03 1.4662206819425865e-03 2.9924157293689818e-04 3.2482951662307820e-04 2.1811058749263132e-04 3.4706587819632515e-04 9.8832436800047119e-01 1.9511527787521439e-04 3.8447892724276345e-05 3.0342978975432387e-04 6.6262918749700097e-04 9.0650540224820495e-04 1.1467427844915997e-05 1.1156656436406244e-04 2.6950234126865263e-04 
9.0966985877167247e-04 1.9955836936178100e-04 1.3274272283725848e-04 2.8782330982328970e-05 1.3073768353369321e-04 6.2443179267628350e-04 2.5072941970453262e-04 1.2727935212464972e-04 1.7991514461997423e-04 2.6434106073740912e-03 4.8417388097916651e-03 5.0322895282986491e-04 9.8587416825496088e-01 9.1566040468956311e-04 3.6025455405340461e-05 4.0822255664858126e-04 7.2897360229742065e-04 6.7818550313288693e-05 1.7670637324954518e-04 1.2201997760762045e-03 
2.4213434344947019e-04 4.1540605161609096e-05 1.0234306226952434e-04 2.6431930630339045e-05 1.2000738814986929e-04 8.8160561558038673e-05 3.2778680553223954e-05 4.4250068590654598e-05 2.0623198981230072e-04 6.6405660178149887e-04 2.2018350258298561e-03 5.5484746283773940e-05 5.1234340977928078e-04 9.9228442379082216e-01 5.0493387629420836e-05 9.5082432445903734e-05 2.0435883944568066e-04 3.3506437348598486e-04 2.2262685353100801e-03 4.6671027136897044e-04 
1.0341897432980815e-03 2.6027784425000303e-04 1.7956415182328976e-04 2.8825405297833217e-04 8.9292723812504573e-06 4.0616722597779087e-04 4.0246720861559712e-04 2.3909726833890477e-04 1.2388427832552999e-04 1.0357513472059785e-04 3.9197650956591560e-04 3.9135759888780670e-04 1.8015681321950385e-05 4.5128302788075055e-05 9.9426293105626107e-01 8.3131374382245868e-04 6.9455504740508693e-04 8.1252986400084128e-06 7.0647330056215163e-05 2.3954327791818444e-04 
2.9329949328873546e-03 4.8316552857142374e-04 1.2710263486933921e-03 7.2106224866551490e-04 2.6546458131832700e-04 5.4423713623335699e-04 6.7027731893872986e-04 9.8124519961196558e-04 2.2291408938531249e-04 1.3728947370478012e-04 2.5235280177335079e-04 6.4514359130727272e-04 1.5410207297112446e-04 6.4148284472630087e-05 6.2753106766418607e-04 9.8623666116899944e-01 3.2859511716694465e-03 3.8038341337754459e-05 2.0849884059369195e-04 2.5789584673923082e-04 
1.3989109947452367e-03 4.6169902134779846e-04 7.9799892478266056e-04 5.2846819411850115e-04 1.3039504919967366e-04 4.8011879390582419e-04 4.8606368799392194e-04 2.1496002364804992e-04 2.4933615894090911e-04 5.3140412393200742e-04 3.7939778171100063e-04 8.6388490244558255e-04 2.6935370042351412e-04 1.3495154237159467e-04 5.1318813243191237e-04 3.2163312292369946e-03 9.8786546952927645e-01 1.7771933666339941e-05 1.0893551312840183e-04 1.3513607949778191e-03 
1.0970018279290910e-04 3.7676467235823292e-04 6.6691634496382086e-05 9.4688940037876996e-06 1.0776622737040153e-04 1.4657793443738224e-04 6.4981174317981226e-05 1.6315096179962259e-04 1.2177286064569054e-04 1.7063680180540996e-04 4.9080191449420922e-04 5.1597361503357306e-05 1.1831386362084989e-04 1.0446929597587677e-03 2.8345573962834844e-05 1.7579123750325343e-04 8.3909411235965243e-05 9.9557411889168668e-01 9.9858035857732885e-04 9.6337122492185106e-05 
2.1187325136008949e-04 2.6565616633447540e-04 3.2058395760669272e-04 1.4031007581146013e-04 1.4841665940875276e-04 1.4553157820784967e-04 1.1209218417100645e-04 8.0592865158959844e-05 8.9902076836273926e-04 2.4564399275786965e-04 5.3671717453985526e-04 2.0033479539570536e-04 1.2302693308870270e-04 2.7701214676820818e-03 9.8356377729076253e-05 3.8453878171239297e-04 2.0526094463517146e-04 3.9851426252851308e-04 9.9235953153881229e-01 3.5387627014988807e-04 
1.7041907208033018e-03 1.7971181978164449e-04 8.7283200574880121e-05 2.2228247643777099e-05 2.1814058745639646e-04 1.5295243883182381e-04 3.1422647490830254e-04 8.2938564634011324e-05 5.2374953683306443e-05 4.2351378991325279e-03 1.8612419389778176e-03 2.2877879819939616e-04 4.0161491184273989e-04 2.7453614307666610e-04 1.5766005195982764e-04 2.2485976595773034e-04 1.2037576481875704e-03 1.8175460544393689e-05 1.6729476284336401e-04 9.8841289557073386e-01 
